0.000690
0.002133
0.000128
-0.000368
-0.000545
0.000502
-0.000404
0.001796
-0.000070
0.001319
0.000995
-0.000537
-0.000157
-0.000620
0.000669
-0.001602
0.001237
-0.001531
-0.000499
-0.000450
0.000090
0.000355
-0.000107
-0.000351
-0.000901
-0.000672
0.000309
0.001525
-0.000769
0.000710
0.001846
0.000802
-0.000701
0.001705
-0.000322
-0.000139
0.001231
0.001024
0.001185
-0.000544
0.001172
-0.000890
-0.000126
0.001856
0.001082
-0.000899
-0.002337
-0.000284
-0.000642
0.000585
-0.000736
0.000272
0.000179
-0.001838
-0.001218
0.000321
0.000988
0.000706
0.001526
-0.002101
0.000853
-0.000495
-0.000666
0.001294
-0.001140
-0.002316
0.001870
-0.000093
-0.000583
-0.001205
-0.000877
0.000051
0.000952
-0.001659
-0.000345
0.000391
0.000446
-0.000964
0.000569
-0.001658
0.000434
-0.001029
-0.001381
-0.000045
0.000920
0.000414
-0.000360
0.001023
0.000634
0.002230
0.001142
-0.001449
0.000045
-0.000056
-0.001186
0.001932
-0.000136
0.001276
-0.000751
-0.000765
-0.001430
-0.000221
0.000521
-0.000210
-0.000952
0.000187
0.001010
0.000813
0.000179
-0.000761
-0.000168
0.000487
0.001289
0.001182
-0.000176
-0.001082
-0.000331
-0.001621
-0.000853
-0.001485
0.000742
-0.000089
-0.000448
0.001524
-0.000158
-0.001388
0.000330
0.000487
-0.002493
-0.000771
0.002266
0.000982
-0.001686
-0.001113
0.000387
0.001397
-0.001224
-0.001929
-0.000631
0.000780
0.000607
-0.001046
0.000265
-0.000898
-0.000238
-0.001244
0.000283
-0.000592
-0.000248
-0.000454
0.001649
0.002391
0.000096
0.000600
-0.000617
-0.001087
0.001484
0.001104
0.000587
0.000014
-0.000306
0.000800
0.000239
0.000078
0.000386
0.001937
0.001681
0.000929
-0.000484
0.000922
-0.000279
-0.001090
-0.000637
-0.000414
-0.000415
-0.000701
-0.000146
-0.000524
-0.000520
0.000729
-0.000351
-0.002042
-0.000375
0.000462
-0.001063
0.000058
0.000211
0.000076
-0.001893
-0.000797
0.000269
-0.001019
-0.002230
-0.000413
-0.000595
0.000491
-0.001067
0.000877
0.000780
0.001530
-0.001366
0.001138
0.000747
-0.000018
0.002020
0.000819
-0.001532
0.000482
0.001313
-0.000906
-0.001836
-0.000564
-0.001287
0.000394
-0.002471
0.000644
-0.000063
0.000841
-0.000584
-0.000297
0.000072
0.000305
-0.000291
0.000094
-0.000410
0.001321
-0.001249
-0.000513
0.000991
0.001340
-0.002525
-0.000590
0.000185
-0.000917
-0.000126
0.001976
0.000061
0.001258
0.001432
0.001175
-0.001172
0.000437
0.001722
0.000400
-0.000597
-0.001372
0.000183
0.000379
-0.001791
0.000521
-0.000113
-0.001237
-0.000267
0.001231
-0.000032
0.000219
-0.000925
0.000687
-0.000617
-0.000517
0.001565
-0.000491
-0.000763
0.000672
-0.000141
-0.000648
-0.001217
-0.002080
0.000300
-0.000256
0.001823
-0.000938
-0.000802
0.000044
-0.000910
0.000112
0.001184
0.000370
-0.000564
-0.000705
0.000063
-0.000527
0.000920
0.000202
0.000164
0.001627
-0.000462
-0.000626
-0.001130
0.000441
-0.000481
0.000424
-0.000296
-0.000618
0.000718
-0.000500
0.001038
0.001723
-0.000808
-0.000282
-0.001474
0.001246
0.001125
0.002149
-0.000477
-0.000302
-0.000600
-0.000145
-0.000700
-0.000646
-0.000293
0.000801
0.000053
-0.000010
0.000779
0.000181
-0.001390
-0.000142
0.000157
0.000187
-0.000345
-0.001295
0.000432
0.000539
-0.000024
-0.000329
0.000483
-0.000786
-0.000494
0.001139
0.000203
0.002295
0.000386
0.000369
-0.001660
0.000790
0.000316
0.000963
0.001753
-0.000927
0.002744
0.000160
-0.000883
-0.000202
-0.000224
0.000232
0.000210
0.000586
-0.001570
-0.000633
-0.000738
-0.001339
-0.001122
0.000775
-0.000706
0.000641
-0.001390
0.002356
-0.001381
0.000482
0.001064
-0.001195
0.000953
0.001391
0.000496
-0.001169
-0.002090
-0.001327
0.000147
0.001327
0.001031
-0.001725
0.001678
0.000015
0.002844
-0.003042
-0.000710
0.000155
0.001675
0.000961
-0.000111
0.000211
-0.000501
-0.001143
-0.001564
-0.000091
0.000283
-0.000315
-0.000481
0.000837
-0.000957
0.000583
-0.001115
0.000334
-0.001133
0.000446
-0.000530
0.001115
0.000479
-0.000216
-0.000301
-0.000110
-0.001655
-0.000087
0.001497
-0.000116
-0.000870
-0.000776
0.000018
0.000559
-0.000581
0.001027
-0.000964
-0.001173
-0.000542
0.000684
0.000956
-0.001859
-0.001223
-0.000681
0.001728
0.000485
0.000006
0.000691
-0.000356
-0.000705
-0.000667
-0.000349
-0.000523
-0.001397
0.001052
0.001517
0.000255
-0.002010
0.001320
-0.000627
0.001367
-0.000593
0.000295
-0.000968
-0.001641
0.000221
0.000460
-0.001702
-0.000123
-0.001297
-0.000462
-0.000528
-0.000595
-0.000135
0.000108
0.000777
-0.000018
-0.001467
-0.000284
0.000124
0.000410
-0.001324
-0.001779
-0.000245
0.000171
-0.000616
-0.001040
0.000900
-0.001521
0.000415
-0.000678
-0.001019
0.000243
-0.000489
-0.000211
0.001537
-0.000044
-0.000613
-0.001740
0.001344
0.000745
-0.000253
0.001166
0.000815
-0.000420
-0.001259
-0.000718
-0.000019
-0.000160
0.002175
0.000128
0.000374
0.000719
0.002021
-0.001123
-0.000622
-0.000391
0.000460
-0.001126
0.001509
0.000873
0.000098
0.000117
0.000118
0.000822
-0.000316
0.000013
-0.001116
0.001330
-0.000619
-0.000719
0.000146
-0.000595
0.000095
-0.000350
-0.002679
-0.000085
0.000019
-0.000380
-0.000755
-0.000950
0.001018
-0.000496
0.000066
0.001685
-0.001289
0.000533
0.000760
-0.001359
-0.000832
0.000475
0.000906
0.000764
0.001047
-0.001478
0.000354
-0.000607
0.000700
-0.000249
0.001688
-0.001356
-0.000134
0.000759
-0.000530
-0.000576
0.000500
-0.000367
0.002219
-0.000839
-0.000872
0.000921
-0.000289
0.000718
0.000215
0.000156
0.000427
-0.000567
-0.000445
0.000295
0.000879
0.000982
0.000008
0.000421
-0.001572
-0.000977
0.001050
-0.000932
-0.000167
0.000213
-0.000719
0.000071
-0.000429
-0.000899
-0.000933
0.000241
-0.000892
0.000231
0.000417
0.000065
-0.000562
0.000258
-0.000639
0.000450
0.000488
0.000016
0.001394
0.000127
-0.000353
-0.000854
-0.000993
0.000954
0.001083
-0.000804
-0.000062
0.000525
-0.000938
-0.000922
-0.000574
-0.000281
-0.000311
-0.001232
0.001662
-0.000287
0.001557
0.001112
0.000094
-0.003462
0.001105
0.000111
0.001665
-0.000765
-0.001794
-0.000945
0.000560
-0.000440
-0.000164
0.001508
0.000084
-0.001236
0.000051
0.000545
0.000175
-0.002062
-0.000906
0.000341
-0.000332
0.000046
0.000625
0.002142
-0.000404
0.001860
-0.001066
0.000117
-0.000160
-0.000591
-0.000867
-0.001061
-0.002416
0.000334
-0.001463
0.000626
-0.001569
0.000522
-0.000122
-0.001244
0.001664
-0.000879
-0.002427
0.000538
-0.001117
-0.001583
0.000790
0.001254
-0.001937
0.000611
-0.000775
-0.002012
-0.000557
-0.001098
-0.000958
-0.000221
0.000354
0.000008
-0.000316
-0.000207
0.000422
0.000258
-0.001737
-0.001020
0.000018
0.000489
0.000085
0.002338
-0.001433
-0.003016
-0.001022
0.000680
0.000550
0.000269
-0.000268
0.000312
0.000529
-0.000885
-0.000330
0.001178
-0.000848
0.000061
0.001279
-0.001243
-0.000221
0.000018
-0.001055
-0.001325
0.000990
-0.000473
-0.001583
0.001520
0.000065
0.001177
0.000392
0.000944
0.001460
0.001911
-0.000582
0.001927
-0.000053
-0.000903
0.001529
-0.001118
-0.000033
-0.000483
0.000289
-0.002133
0.000529
0.000992
0.000025
0.002731
-0.000616
-0.000702
0.000997
0.001409
0.000370
0.000145
-0.000971
0.001305
-0.001200
0.000968
-0.001479
0.000979
0.000036
-0.000512
0.001311
-0.001068
0.000355
0.000093
0.003397
0.002322
0.000539
-0.000765
-0.001365
-0.000433
0.000239
0.000539
-0.000459
0.000125
0.000143
0.002219
0.000239
-0.000087
0.000207
0.001379
0.000234
-0.001157
0.000157
0.000599
0.000196
0.000281
-0.000069
0.000941
0.001775
0.001492
0.001108
-0.000709
-0.001522
0.001080
0.000943
-0.000250
0.001145
-0.001081
0.000486
0.000250
-0.000960
0.000714
-0.000580
-0.000887
-0.001072
-0.000650
0.001353
0.000129
0.001725
-0.000831
0.000058
-0.000286
-0.000403
-0.000999
0.001016
-0.000530
0.000719
0.000975
0.000273
-0.000364
0.000593
0.000775
-0.000234
0.001118
-0.000422
0.000359
0.000032
-0.000510
0.001654
0.001056
0.000012
-0.001327
-0.000990
0.000345
-0.000659
0.001463
0.001071
-0.000148
-0.000861
0.001608
-0.001475
0.000120
0.001138
0.000118
-0.001146
0.000692
-0.001776
-0.001491
0.002074
-0.000952
-0.000516
-0.000308
-0.000233
0.001009
0.000280
0.001572
-0.000595
-0.000525
-0.000255
-0.000480
-0.000370
-0.000381
-0.001241
0.001238
-0.000924
-0.001161
-0.000895
-0.000868
0.000484
-0.000050
0.001923
-0.000987
-0.000431
0.001287
0.000713
0.001005
-0.000648
-0.000751
-0.001077
0.000983
0.000758
0.001286
-0.000194
0.001439
0.000624
0.001652
-0.000127
-0.001287
0.001388
0.000014
0.001408
0.001184
-0.000673
-0.000676
-0.000451
-0.001477
0.000599
-0.001918
0.000331
0.000656
0.001083
0.002761
-0.001284
0.001287
-0.000279
0.001190
-0.000822
-0.000910
0.001935
0.001364
0.001269
-0.000651
0.001361
-0.000948
-0.000760
-0.000956
0.000194
0.001199
0.000131
-0.000732
-0.000175
-0.001857
0.001021
0.001054
-0.000700
0.001940
0.000984
0.000549
-0.000607
0.000469
-0.000626
-0.000347
0.000693
-0.000472
-0.000188
-0.002090
0.000721
-0.000187
0.000663
-0.000349
-0.001464
0.000049
0.001398
-0.000115
0.001417
-0.000644
0.000426
0.000559
-0.002038
0.001084
-0.000614
0.000974
-0.001861
0.000187
0.000540
0.000282
-0.001059
0.000145
-0.000433
-0.000549
-0.000142
0.001733
-0.000408
0.000285
-0.000850
-0.000655
0.000936
0.000511
-0.000076
-0.000498
-0.000878
-0.000721
0.000380
0.000911
0.000575
-0.000608
-0.000321
0.000757
-0.000819
-0.001458
-0.000889
-0.000925
-0.001555
-0.000608
0.000162
0.000454
0.000328
-0.001881
-0.000275
-0.000875
-0.000957
-0.000584
-0.001608
-0.000289
0.000074
0.001052
0.000662
0.000517
0.000360
-0.001434
0.000275
0.001630
0.000675
0.000552
0.001383
0.000551
0.001703
-0.001195
0.002122
0.000871
0.000549
0.000330
0.000407
-0.000344
0.000687
0.000289
0.000153
-0.000789
-0.000393
0.000508
0.000182
0.001156
0.000329
0.000262
0.001714
-0.000162
0.001077
-0.000324
0.000315
0.000186
0.001585
-0.000630
0.000883
-0.000493
-0.000451
-0.000378
-0.000494
-0.000625
-0.000255
0.000018
0.001311
0.000359
0.000331
0.000243
-0.000643
0.000312
0.000458
-0.001159
-0.001297
-0.000115
0.001639
0.000026
0.000329
0.000270
0.000559
0.001188
-0.000327
